10.483
25.002
8.630
28.922
19.366
6.761
52.383
65.404
19.883
7.095
0.499
11.899
18.294
17.099
6.635
22.120
34.663
11.218
49.748
15.223
8.096
119.716
17.973
7.082
9.633
21.380
14.489
22.247
49.501
25.090
20.509
26.412
0.716
11.700
97.716
30.616
10.901
14.130
6.649
15.500
44.168
14.756
45.935
14.616
24.659
23.662
39.062
54.950
18.449
1.341
66.203
6.678
7.599
6.734
16.666
28.779
46.814
24.466
21.004
10.082
25.957
31.212
11.908
9.307
12.400
8.987
6.862
20.768
7.583
14.101
4.183
14.229
6.279
8.910
18.301
6.653
6.900
1.073
20.281
7.466
6.552
19.616
7.066
20.541
8.416
41.315
13.424
12.846
6.635
18.634
9.549
32.842
20.781
12.073
7.779
6.659
9.399
15.349
15.417
90.549
2.145
11.583
9.883
17.313
6.204
24.004
16.886
6.925
14.160
14.799
8.224
19.757
24.283
7.273
28.787
37.235
11.441
9.057
27.524
14.147
7.116
69.466
55.353
5.350
20.297
5.192
9.466
35.236
6.635
38.847
30.679
28.152
53.654
1.301
9.835
13.226
49.499
29.511
20.933
6.635
91.818
0.849
6.383
100.983
14.085
18.016
26.863
6.710
57.973
8.233
9.217
20.527
17.816
49.469
1.746
26.291
25.186
11.366
9.399
21.180
22.661
10.776
32.456
13.047
11.240
78.256
23.329
38.766
25.131
14.450
14.293
19.111
23.466
10.184
7.739
19.990
10.233
31.200
2.191
7.404
11.113
8.999
2.610
14.123
80.685
8.849
58.923
1.764
20.133
26.949
3.599
8.836
9.500
1.331
6.622
11.040
49.750
15.868
1.149
66.949
